Sr
[[ 20.71709155   2.7867199  -16.33223093  -4.21800499   8.74645777
    0.66310696 210.35575454  -3.54119859 -73.74519866  -3.00748713
  -15.9369768   -2.32585961  12.14144766   1.10468943  -9.2509242
   -0.94952993   3.70011515  -2.48606232  70.57808833  -2.94305119
  -25.97887686  -2.12026183  -2.92954859  -2.26047391]
 [ 20.71709155   2.7867199  -16.33223093  -4.21800499   8.74645777
    0.66310696 210.35575454  -3.54119859 -73.74519866  -3.00748713
  -15.9369768   -2.32585961  12.14144766   1.10468943  -9.2509242
   -0.94952993   3.70011515  -2.48606232  70.57808833  -2.94305119
  -25.97887686  -2.12026183  -2.92954859  -2.26047391]
 [ 20.71709155   2.7867199  -16.33223093  -4.21800499   8.74645777
    0.66310696 210.35575454  -3.54119859 -73.74519866  -3.00748713
  -15.9369768   -2.32585961  12.14144766   1.10468943  -9.2509242
   -0.94952993   3.70011515  -2.48606232  70.57808833  -2.94305119
  -25.97887686  -2.12026183  -2.92954859  -2.26047391]
 [ 20.71709155   2.7867199  -16.33223093  -4.21800499   8.74645777
    0.66310696 210.35575454  -3.54119859 -73.74519866  -3.00748713
  -15.9369768   -2.32585961  12.14144766   1.10468943  -9.2509242
   -0.94952993   3.70011515  -2.48606232  70.57808833  -2.94305119
  -25.97887686  -2.12026183  -2.92954859  -2.26047391]]
Ti
[[ 2.19050731e+01  1.30983704e+00 -1.66216487e+01 -1.55020225e+00
   7.23584736e+00  8.44019967e-01  2.34865586e+02 -4.63061994e+00
  -8.38380137e+01 -1.03550100e+00 -1.58118316e+01 -4.41632634e+00
   1.24443552e+01  1.74597001e-02 -8.99225189e+00  2.34223308e-01
   2.22442789e+00  7.25652000e-01  7.36699162e+01 -3.32321133e+00
  -2.76062213e+01 -1.18960731e+00  1.13901870e-01 -2.62953532e+00]
 [ 2.19050731e+01  1.30983704e+00 -1.66216487e+01 -1.55020225e+00
   7.23584736e+00  8.44019967e-01  2.34865586e+02 -4.63061994e+00
  -8.38380137e+01 -1.03550100e+00 -1.58118316e+01 -4.41632634e+00
   1.24443552e+01  1.74597001e-02 -8.99225189e+00  2.34223308e-01
   2.22442789e+00  7.25652000e-01  7.36699162e+01 -3.32321133e+00
  -2.76062213e+01 -1.18960731e+00  1.13901870e-01 -2.62953532e+00]
 [ 2.19050731e+01  1.30983704e+00 -1.66216487e+01 -1.55020225e+00
   7.23584736e+00  8.44019967e-01  2.34865586e+02 -4.63061994e+00
  -8.38380137e+01 -1.03550100e+00 -1.58118316e+01 -4.41632634e+00
   1.24443552e+01  1.74597001e-02 -8.99225189e+00  2.34223308e-01
   2.22442789e+00  7.25652000e-01  7.36699162e+01 -3.32321133e+00
  -2.76062213e+01 -1.18960731e+00  1.13901870e-01 -2.62953532e+00]
 [ 2.19050731e+01  1.30983704e+00 -1.66216487e+01 -1.55020225e+00
   7.23584736e+00  8.44019967e-01  2.34865586e+02 -4.63061994e+00
  -8.38380137e+01 -1.03550100e+00 -1.58118316e+01 -4.41632634e+00
   1.24443552e+01  1.74597001e-02 -8.99225189e+00  2.34223308e-01
   2.22442789e+00  7.25652000e-01  7.36699162e+01 -3.32321133e+00
  -2.76062213e+01 -1.18960731e+00  1.13901870e-01 -2.62953532e+00]
 [ 2.16857574e+01  1.61417662e+00 -1.63106363e+01 -2.50528540e+00
   6.52907007e+00  2.13925670e+00  2.30261032e+02 -4.33878079e+00
  -8.25958952e+01 -2.01540358e+00 -1.06297746e+01 -3.90992783e+00
   1.16906642e+01  3.50875235e-01 -7.89337256e+00 -4.83110467e-01
   4.87738946e-01  1.37042107e+00  6.45192780e+01 -2.78127241e+00
  -2.62500641e+01  1.99530312e-01  8.19155668e+00 -1.67894339e+00]
 [ 2.16857574e+01  1.61417662e+00 -1.63106363e+01 -2.50528540e+00
   6.52907007e+00  2.13925670e+00  2.30261032e+02 -4.33878079e+00
  -8.25958952e+01 -2.01540358e+00 -1.06297746e+01 -3.90992783e+00
   1.16906642e+01  3.50875235e-01 -7.89337256e+00 -4.83110467e-01
   4.87738946e-01  1.37042107e+00  6.45192780e+01 -2.78127241e+00
  -2.62500641e+01  1.99530312e-01  8.19155668e+00 -1.67894339e+00]
 [ 2.12946957e+01  1.35995891e+00 -1.61986621e+01 -1.89653073e+00
   7.07236170e+00  1.54241422e+00  2.21861048e+02 -2.77589889e+00
  -7.81987754e+01 -2.47336465e+00 -1.50270403e+01 -6.77431015e+00
   1.20793947e+01 -7.13148971e-02 -8.54184545e+00  7.01153539e-01
   1.84349099e+00 -3.53528108e-01  6.93228207e+01 -1.82960734e+00
  -2.67462921e+01 -2.40310870e+00 -3.09456100e+00 -3.27692989e+00]
 [ 2.12946957e+01  1.35995891e+00 -1.61986621e+01 -1.89653073e+00
   7.07236170e+00  1.54241422e+00  2.21861048e+02 -2.77589889e+00
  -7.81987754e+01 -2.47336465e+00 -1.50270403e+01 -6.77431015e+00
   1.20793947e+01 -7.13148971e-02 -8.54184545e+00  7.01153539e-01
   1.84349099e+00 -3.53528108e-01  6.93228207e+01 -1.82960734e+00
  -2.67462921e+01 -2.40310870e+00 -3.09456100e+00 -3.27692989e+00]
 [ 2.16857574e+01  1.61417662e+00 -1.63106363e+01 -2.50528540e+00
   6.52907007e+00  2.13925670e+00  2.30261032e+02 -4.33878079e+00
  -8.25958952e+01 -2.01540358e+00 -1.06297746e+01 -3.90992783e+00
   1.16906642e+01  3.50875235e-01 -7.89337256e+00 -4.83110467e-01
   4.87738946e-01  1.37042107e+00  6.45192780e+01 -2.78127241e+00
  -2.62500641e+01  1.99530312e-01  8.19155668e+00 -1.67894339e+00]
 [ 2.16857574e+01  1.61417662e+00 -1.63106363e+01 -2.50528540e+00
   6.52907007e+00  2.13925670e+00  2.30261032e+02 -4.33878079e+00
  -8.25958952e+01 -2.01540358e+00 -1.06297746e+01 -3.90992783e+00
   1.16906642e+01  3.50875235e-01 -7.89337256e+00 -4.83110467e-01
   4.87738946e-01  1.37042107e+00  6.45192780e+01 -2.78127241e+00
  -2.62500641e+01  1.99530312e-01  8.19155668e+00 -1.67894339e+00]
 [ 2.12946957e+01  1.35995891e+00 -1.61986621e+01 -1.89653073e+00
   7.07236170e+00  1.54241422e+00  2.21861048e+02 -2.77589889e+00
  -7.81987754e+01 -2.47336465e+00 -1.50270403e+01 -6.77431015e+00
   1.20793947e+01 -7.13148971e-02 -8.54184545e+00  7.01153539e-01
   1.84349099e+00 -3.53528108e-01  6.93228207e+01 -1.82960734e+00
  -2.67462921e+01 -2.40310870e+00 -3.09456100e+00 -3.27692989e+00]
 [ 2.12946957e+01  1.35995891e+00 -1.61986621e+01 -1.89653073e+00
   7.07236170e+00  1.54241422e+00  2.21861048e+02 -2.77589889e+00
  -7.81987754e+01 -2.47336465e+00 -1.50270403e+01 -6.77431015e+00
   1.20793947e+01 -7.13148971e-02 -8.54184545e+00  7.01153539e-01
   1.84349099e+00 -3.53528108e-01  6.93228207e+01 -1.82960734e+00
  -2.67462921e+01 -2.40310870e+00 -3.09456100e+00 -3.27692989e+00]]
O
[[ 2.12316443e+01  2.16141913e+00 -1.59807715e+01 -3.00799210e+00
   6.17488322e+00 -2.20834195e-01  2.20799560e+02 -4.59179918e+00
  -7.52014726e+01 -4.59179918e+00 -2.01705576e+01 -4.59179918e+00
   1.01704226e+01  1.99023415e+00 -7.33592495e+00 -3.55787354e+00
   1.80448239e+00  1.38496496e+00  4.83664729e+01 -3.35227516e+00
  -1.56152163e+01 -3.35227516e+00  6.74681083e+00 -3.35227516e+00]
 [ 2.19949219e+01  1.34413103e+00 -1.66132728e+01 -8.51681827e-01
   6.50260133e+00 -2.81373547e+00  2.36796669e+02 -4.73292949e+00
  -8.33940301e+01 -3.09317701e+00 -2.06201015e+01 -2.42509891e+00
   1.14398040e+01  6.59926723e-01 -9.05470804e+00  4.59706814e-02
   4.76630191e+00 -3.13518897e+00  6.21736757e+01 -2.92594609e+00
  -2.24433897e+01 -2.83067808e+00 -8.38201683e+00  5.87980752e-01]
 [ 2.19949219e+01  1.34413103e+00 -1.66132728e+01 -8.51681827e-01
   6.50260133e+00 -2.81373547e+00  2.36796669e+02 -4.73292949e+00
  -8.33940301e+01 -3.09317701e+00 -2.06201015e+01 -2.42509891e+00
   1.14398040e+01  6.59926723e-01 -9.05470804e+00  4.59706814e-02
   4.76630191e+00 -3.13518897e+00  6.21736757e+01 -2.92594609e+00
  -2.24433897e+01 -2.83067808e+00 -8.38201683e+00  5.87980752e-01]
 [ 2.08740911e+01  2.45120001e+00 -1.56807025e+01 -3.76474856e+00
   5.86009435e+00  5.76450573e-01  2.13470572e+02 -1.81193550e+00
  -7.55103537e+01 -3.43415729e+00 -1.73662196e+01 -5.47023878e+00
   1.03479504e+01  1.78796734e+00 -8.03666065e+00 -3.12430761e+00
   3.75605716e+00  1.12693283e+00  5.04611904e+01 -8.49513367e-01
  -2.03590562e+01 -4.00866916e-02 -3.96127179e+00 -2.79486658e+00]
 [ 2.08740911e+01  2.45120001e+00 -1.56807025e+01 -3.76474856e+00
   5.86009435e+00  5.76450573e-01  2.13470572e+02 -1.81193550e+00
  -7.55103537e+01 -3.43415729e+00 -1.73662196e+01 -5.47023878e+00
   1.03479504e+01  1.78796734e+00 -8.03666065e+00 -3.12430761e+00
   3.75605716e+00  1.12693283e+00  5.04611904e+01 -8.49513367e-01
  -2.03590562e+01 -4.00866916e-02 -3.96127179e+00 -2.79486658e+00]
 [ 2.16319078e+01  1.16191160e+00 -1.64547848e+01 -4.13340856e-01
   6.81207250e+00 -3.19552412e+00  2.28901644e+02 -4.09128438e+00
  -7.86272783e+01 -4.64564759e+00 -2.17333849e+01 -5.18070451e+00
   1.13959261e+01  4.04718877e-01 -9.12436822e+00  5.11089869e-01
   4.78460254e+00 -3.44170683e+00  6.17436386e+01 -2.50252329e+00
  -2.20168301e+01 -3.39347276e+00 -7.84062485e+00 -4.11748977e-01]
 [ 2.16319078e+01  1.16191160e+00 -1.64547848e+01 -4.13340856e-01
   6.81207250e+00 -3.19552412e+00  2.28901644e+02 -4.09128438e+00
  -7.86272783e+01 -4.64564759e+00 -2.17333849e+01 -5.18070451e+00
   1.13959261e+01  4.04718877e-01 -9.12436822e+00  5.11089869e-01
   4.78460254e+00 -3.44170683e+00  6.17436386e+01 -2.50252329e+00
  -2.20168301e+01 -3.39347276e+00 -7.84062485e+00 -4.11748977e-01]
 [ 2.11181076e+01  2.72671518e+00 -1.58661287e+01 -4.54135089e+00
   5.93602306e+00  1.67587050e+00  2.18639110e+02 -1.08077629e+00
  -7.72011062e+01 -3.29696372e+00 -1.83145294e+01 -5.54444876e+00
   1.08337785e+01  2.02557067e+00 -8.13661862e+00 -3.59474513e+00
   2.95952097e+00  1.17034109e+00  5.56740451e+01 -2.90984889e-01
  -2.20908640e+01 -4.85350064e-01 -4.25373213e+00 -1.23247273e+00]
 [ 2.11181076e+01  2.72671518e+00 -1.58661287e+01 -4.54135089e+00
   5.93602306e+00  1.67587050e+00  2.18639110e+02 -1.08077629e+00
  -7.72011062e+01 -3.29696372e+00 -1.83145294e+01 -5.54444876e+00
   1.08337785e+01  2.02557067e+00 -8.13661862e+00 -3.59474513e+00
   2.95952097e+00  1.17034109e+00  5.56740451e+01 -2.90984889e-01
  -2.20908640e+01 -4.85350064e-01 -4.25373213e+00 -1.23247273e+00]
 [ 2.17871885e+01  1.69020682e+00 -1.65884378e+01 -1.89714019e+00
   6.80262955e+00 -1.27471902e+00  2.32437019e+02 -4.19916858e+00
  -8.19531499e+01 -4.25680316e+00 -2.04658799e+01 -3.48859096e+00
   1.07243848e+01  1.01137697e+00 -8.35746785e+00 -9.70906304e-01
   4.09517588e+00 -1.55731544e+00  5.42012960e+01 -2.09855824e+00
  -2.15792228e+01 -7.56806795e-01 -4.69438079e+00 -1.47290013e+00]
 [ 2.17871885e+01  1.69020682e+00 -1.65884378e+01 -1.89714019e+00
   6.80262955e+00 -1.27471902e+00  2.32437019e+02 -4.19916858e+00
  -8.19531499e+01 -4.25680316e+00 -2.04658799e+01 -3.48859096e+00
   1.07243848e+01  1.01137697e+00 -8.35746785e+00 -9.70906304e-01
   4.09517588e+00 -1.55731544e+00  5.42012960e+01 -2.09855824e+00
  -2.15792228e+01 -7.56806795e-01 -4.69438079e+00 -1.47290013e+00]
 [ 2.20015549e+01  2.19124715e+00 -1.69895175e+01 -3.26265488e+00
   7.63384907e+00  3.45022051e-01  2.37267815e+02 -4.09788767e+00
  -8.23762311e+01 -3.74811829e+00 -2.21878054e+01 -1.99888075e+00
   1.11235856e+01  1.57301431e+00 -8.79481903e+00 -2.60780944e+00
   4.36858106e+00  4.27812642e-01  5.86187424e+01 -2.07750163e+00
  -2.22047673e+01 -1.07658389e+00 -3.21023970e+00 -2.33355581e+00]
 [ 2.20015549e+01  2.19124715e+00 -1.69895175e+01 -3.26265488e+00
   7.63384907e+00  3.45022051e-01  2.37267815e+02 -4.09788767e+00
  -8.23762311e+01 -3.74811829e+00 -2.21878054e+01 -1.99888075e+00
   1.11235856e+01  1.57301431e+00 -8.79481903e+00 -2.60780944e+00
   4.36858106e+00  4.27812642e-01  5.86187424e+01 -2.07750163e+00
  -2.22047673e+01 -1.07658389e+00 -3.21023970e+00 -2.33355581e+00]
 [ 2.12316443e+01  2.16141913e+00 -1.59807715e+01 -3.00799210e+00
   6.17488322e+00 -2.20834195e-01  2.20799560e+02 -4.59179918e+00
  -7.52014726e+01 -4.59179918e+00 -2.01705576e+01 -4.59179918e+00
   1.01704226e+01  1.99023415e+00 -7.33592495e+00 -3.55787354e+00
   1.80448239e+00  1.38496496e+00  4.83664729e+01 -3.35227516e+00
  -1.56152163e+01 -3.35227516e+00  6.74681083e+00 -3.35227516e+00]
 [ 2.19949219e+01  1.34413103e+00 -1.66132728e+01 -8.51681827e-01
   6.50260133e+00 -2.81373547e+00  2.36796669e+02 -4.73292949e+00
  -8.33940301e+01 -3.09317701e+00 -2.06201015e+01 -2.42509891e+00
   1.14398040e+01  6.59926723e-01 -9.05470804e+00  4.59706814e-02
   4.76630191e+00 -3.13518897e+00  6.21736757e+01 -2.92594609e+00
  -2.24433897e+01 -2.83067808e+00 -8.38201683e+00  5.87980752e-01]
 [ 2.19949219e+01  1.34413103e+00 -1.66132728e+01 -8.51681827e-01
   6.50260133e+00 -2.81373547e+00  2.36796669e+02 -4.73292949e+00
  -8.33940301e+01 -3.09317701e+00 -2.06201015e+01 -2.42509891e+00
   1.14398040e+01  6.59926723e-01 -9.05470804e+00  4.59706814e-02
   4.76630191e+00 -3.13518897e+00  6.21736757e+01 -2.92594609e+00
  -2.24433897e+01 -2.83067808e+00 -8.38201683e+00  5.87980752e-01]
 [ 2.08740911e+01  2.45120001e+00 -1.56807025e+01 -3.76474856e+00
   5.86009435e+00  5.76450573e-01  2.13470572e+02 -1.81193550e+00
  -7.55103537e+01 -3.43415729e+00 -1.73662196e+01 -5.47023878e+00
   1.03479504e+01  1.78796734e+00 -8.03666065e+00 -3.12430761e+00
   3.75605716e+00  1.12693283e+00  5.04611904e+01 -8.49513367e-01
  -2.03590562e+01 -4.00866916e-02 -3.96127179e+00 -2.79486658e+00]
 [ 2.08740911e+01  2.45120001e+00 -1.56807025e+01 -3.76474856e+00
   5.86009435e+00  5.76450573e-01  2.13470572e+02 -1.81193550e+00
  -7.55103537e+01 -3.43415729e+00 -1.73662196e+01 -5.47023878e+00
   1.03479504e+01  1.78796734e+00 -8.03666065e+00 -3.12430761e+00
   3.75605716e+00  1.12693283e+00  5.04611904e+01 -8.49513367e-01
  -2.03590562e+01 -4.00866916e-02 -3.96127179e+00 -2.79486658e+00]
 [ 2.16319078e+01  1.16191160e+00 -1.64547848e+01 -4.13340856e-01
   6.81207250e+00 -3.19552412e+00  2.28901644e+02 -4.09128438e+00
  -7.86272783e+01 -4.64564759e+00 -2.17333849e+01 -5.18070451e+00
   1.13959261e+01  4.04718877e-01 -9.12436822e+00  5.11089869e-01
   4.78460254e+00 -3.44170683e+00  6.17436386e+01 -2.50252329e+00
  -2.20168301e+01 -3.39347276e+00 -7.84062485e+00 -4.11748977e-01]
 [ 2.16319078e+01  1.16191160e+00 -1.64547848e+01 -4.13340856e-01
   6.81207250e+00 -3.19552412e+00  2.28901644e+02 -4.09128438e+00
  -7.86272783e+01 -4.64564759e+00 -2.17333849e+01 -5.18070451e+00
   1.13959261e+01  4.04718877e-01 -9.12436822e+00  5.11089869e-01
   4.78460254e+00 -3.44170683e+00  6.17436386e+01 -2.50252329e+00
  -2.20168301e+01 -3.39347276e+00 -7.84062485e+00 -4.11748977e-01]
 [ 2.11181076e+01  2.72671518e+00 -1.58661287e+01 -4.54135089e+00
   5.93602306e+00  1.67587050e+00  2.18639110e+02 -1.08077629e+00
  -7.72011062e+01 -3.29696372e+00 -1.83145294e+01 -5.54444876e+00
   1.08337785e+01  2.02557067e+00 -8.13661862e+00 -3.59474513e+00
   2.95952097e+00  1.17034109e+00  5.56740451e+01 -2.90984889e-01
  -2.20908640e+01 -4.85350064e-01 -4.25373213e+00 -1.23247273e+00]
 [ 2.11181076e+01  2.72671518e+00 -1.58661287e+01 -4.54135089e+00
   5.93602306e+00  1.67587050e+00  2.18639110e+02 -1.08077629e+00
  -7.72011062e+01 -3.29696372e+00 -1.83145294e+01 -5.54444876e+00
   1.08337785e+01  2.02557067e+00 -8.13661862e+00 -3.59474513e+00
   2.95952097e+00  1.17034109e+00  5.56740451e+01 -2.90984889e-01
  -2.20908640e+01 -4.85350064e-01 -4.25373213e+00 -1.23247273e+00]
 [ 2.17871885e+01  1.69020682e+00 -1.65884378e+01 -1.89714019e+00
   6.80262955e+00 -1.27471902e+00  2.32437019e+02 -4.19916858e+00
  -8.19531499e+01 -4.25680316e+00 -2.04658799e+01 -3.48859096e+00
   1.07243848e+01  1.01137697e+00 -8.35746785e+00 -9.70906304e-01
   4.09517588e+00 -1.55731544e+00  5.42012960e+01 -2.09855824e+00
  -2.15792228e+01 -7.56806795e-01 -4.69438079e+00 -1.47290013e+00]
 [ 2.17871885e+01  1.69020682e+00 -1.65884378e+01 -1.89714019e+00
   6.80262955e+00 -1.27471902e+00  2.32437019e+02 -4.19916858e+00
  -8.19531499e+01 -4.25680316e+00 -2.04658799e+01 -3.48859096e+00
   1.07243848e+01  1.01137697e+00 -8.35746785e+00 -9.70906304e-01
   4.09517588e+00 -1.55731544e+00  5.42012960e+01 -2.09855824e+00
  -2.15792228e+01 -7.56806795e-01 -4.69438079e+00 -1.47290013e+00]
 [ 2.20015549e+01  2.19124715e+00 -1.69895175e+01 -3.26265488e+00
   7.63384907e+00  3.45022051e-01  2.37267815e+02 -4.09788767e+00
  -8.23762311e+01 -3.74811829e+00 -2.21878054e+01 -1.99888075e+00
   1.11235856e+01  1.57301431e+00 -8.79481903e+00 -2.60780944e+00
   4.36858106e+00  4.27812642e-01  5.86187424e+01 -2.07750163e+00
  -2.22047673e+01 -1.07658389e+00 -3.21023970e+00 -2.33355581e+00]
 [ 2.20015549e+01  2.19124715e+00 -1.69895175e+01 -3.26265488e+00
   7.63384907e+00  3.45022051e-01  2.37267815e+02 -4.09788767e+00
  -8.23762311e+01 -3.74811829e+00 -2.21878054e+01 -1.99888075e+00
   1.11235856e+01  1.57301431e+00 -8.79481903e+00 -2.60780944e+00
   4.36858106e+00  4.27812642e-01  5.86187424e+01 -2.07750163e+00
  -2.22047673e+01 -1.07658389e+00 -3.21023970e+00 -2.33355581e+00]]
